x              =  0.500000E+00
Sin(x)         =  0.479426E+00
Fortran Sin(x) =  0.479426E+00
Error          =  0.000000E+00

